[LEFT_CAM_2K]
fx=1396.25
fy=1396.25
cx=1082.68
cy=599.873
k1=-0.17208
k2=0.0263766
k3=0
p1=0.000139959
p2=0.000125097

[RIGHT_CAM_2K]
fx=1392.95
fy=1392.95
cx=1059.7
cy=616.702
k1=-0.171312
k2=0.0257801
k3=0
p1=5.42675e-05
p2=-0.00050403

[LEFT_CAM_FHD]
fx=1396.25
fy=1396.25
cx=938.68
cy=518.873
k1=-0.17208
k2=0.0263766
k3=0
p1=0.000139959
p2=0.000125097

[RIGHT_CAM_FHD]
fx=1392.95
fy=1392.95
cx=915.7
cy=535.702
k1=-0.171312
k2=0.0257801
k3=0
p1=5.42675e-05
p2=-0.00050403

[LEFT_CAM_HD]
fx=698.125
fy=698.125
cx=627.84
cy=347.9365
k1=-0.17208
k2=0.0263766
k3=0
p1=0.000139959
p2=0.000125097

[RIGHT_CAM_HD]
fx=696.475
fy=696.475
cx=616.35
cy=356.351
k1=-0.171312
k2=0.0257801
k3=0
p1=5.42675e-05
p2=-0.00050403

[LEFT_CAM_VGA]
fx=349.0625
fy=349.0625
cx=329.42
cy=181.46825
k1=-0.17208
k2=0.0263766
k3=0
p1=0.000139959
p2=0.000125097

[RIGHT_CAM_VGA]
fx=348.2375
fy=348.2375
cx=323.675
cy=185.6755
k1=-0.171312
k2=0.0257801
k3=0
p1=5.42675e-05
p2=-0.00050403

[STEREO]
Baseline=63.0165
TY=0.00303871
TZ=0.033253
CV_2K=0.00590574
CV_FHD=0.00590574
CV_HD=0.00590574
CV_VGA=0.00590574
RX_2K=0.0027716
RX_FHD=0.0027716
RX_HD=0.0027716
RX_VGA=0.0027716
RZ_2K=-7.44489e-05
RZ_FHD=-7.44489e-05
RZ_HD=-7.44489e-05
RZ_VGA=-7.44489e-05

